$ 1 0.000005 10.20027730826997 50 5 43 5e-11
v 96 352 96 96 0 1 60 2.5 0 0 0.5
w 96 96 160 96 0
w 160 96 160 224 0
w 160 224 208 224 0
d 208 224 336 96 2 default
d 464 224 336 96 2 default
d 336 352 208 224 2 default
d 336 352 464 224 2 default
w 96 352 96 416 0
w 96 416 560 416 0
w 560 416 560 224 0
w 560 224 464 224 0
w 336 96 336 144 0
w 336 144 304 144 0
r 304 144 304 304 0 10000
w 304 304 336 304 0
w 336 304 336 352 0
g 336 352 336 384 0 0
o 0 64 0 4219650 5 0.1 0 Vin
o 14 64 0 4219650 5 0.1 1 Vout
